<?xml version="1.0"?>
<opencv_storage>
<DIM type_id="opencv-matrix">
  <rows>2</rows>
  <cols>1</cols>
  <dt>d</dt>
  <data>
    640. 480.</data></DIM>
<K type_id="opencv-matrix">
  <rows>3</rows>
  <cols>3</cols>
  <dt>d</dt>
  <data>
    3.2700940182774070e+02 0. 3.1939171782209752e+02 0.
    3.2758700231364867e+02 2.4858172321302089e+02 0. 0. 1.</data></K>
<D type_id="opencv-matrix">
  <rows>4</rows>
  <cols>1</cols>
  <dt>d</dt>
  <data>
    -3.2913530203213096e-02 1.7220948748471610e-01
    -2.6985981229208689e-01 1.3042750359573446e-01</data></D>
</opencv_storage>
