<?xml version="1.0"?>
<opencv_storage>
<frameSize type_id="opencv-matrix">
  <rows>2</rows>
  <cols>1</cols>
  <dt>d</dt>
  <data>
    640. 480.</data></frameSize>
<K_fish type_id="opencv-matrix">
  <rows>3</rows>
  <cols>3</cols>
  <dt>d</dt>
  <data>
    3.2700940115116163e+02 0. 3.1939171731173241e+02 0.
    3.2758700145736651e+02 2.4858172297033855e+02 0. 0. 1.</data></K_fish>
<dist_fish type_id="opencv-matrix">
  <rows>4</rows>
  <cols>1</cols>
  <dt>d</dt>
  <data>
    -3.2913512607610287e-02 1.7220949188654927e-01
    -2.6985987724020610e-01 1.3042755166525832e-01</data></dist_fish>
</opencv_storage>
